,Pregnancies,Age,DiabetesPedigreeFunction,Outcome
0,6,50,0.627,1
1,1,31,0.351,0
2,8,32,0.672,1
3,1,21,0.167,0
4,0,33,2.288,1
5,5,30,0.201,0
6,3,26,0.248,1
7,10,29,0.134,0
8,2,53,0.158,1
9,8,54,0.232,1
10,4,30,0.191,0
11,10,34,0.537,1
12,10,57,1.441,0
13,1,59,0.398,1
14,5,51,0.587,1
15,7,32,0.484,1
16,0,31,0.551,1
17,7,31,0.254,1
18,1,33,0.183,0
19,1,32,0.529,1
20,3,27,0.704,0
21,8,50,0.388,0
22,7,41,0.451,1
23,9,29,0.263,1
24,11,51,0.254,1
25,10,41,0.205,1
26,7,43,0.257,1
27,1,22,0.487,0
28,13,57,0.245,0
29,5,38,0.337,0
30,5,60,0.546,0
31,3,28,0.851,1
32,3,22,0.267,0
33,6,28,0.188,0
34,10,45,0.512,0
35,4,33,0.966,0
36,11,35,0.42,0
37,9,46,0.665,1
38,2,27,0.503,1
39,4,56,1.39,1
40,3,26,0.271,0
41,7,37,0.696,0
42,7,48,0.235,0
43,9,54,0.721,1
44,7,40,0.294,0
45,0,25,1.893,1
46,1,29,0.564,0
47,2,22,0.586,0
48,7,31,0.344,1
49,7,24,0.305,0
50,1,22,0.491,0
51,1,26,0.526,0
52,5,30,0.342,0
53,8,58,0.467,1
54,7,42,0.718,0
55,1,21,0.248,0
56,7,41,0.254,1
57,0,31,0.962,0
58,0,44,1.781,0
59,0,22,0.173,0
60,2,21,0.304,0
61,8,39,0.27,1
62,5,36,0.587,0
63,2,24,0.699,0
64,7,42,0.258,1
65,5,32,0.203,0
66,0,38,0.855,1
67,2,54,0.845,0
68,1,25,0.334,0
69,4,27,0.189,0
70,2,28,0.867,1
71,5,26,0.411,0
72,13,42,0.583,1
73,4,23,0.231,0
74,1,22,0.396,0
75,1,22,0.14,0
76,7,41,0.391,0
77,5,27,0.37,0
78,0,26,0.27,1
79,2,24,0.307,0
80,3,22,0.14,0
81,2,22,0.102,0
82,7,36,0.767,0
83,0,22,0.237,0
84,5,37,0.227,1
85,2,27,0.698,0
86,13,45,0.178,0
87,2,26,0.324,0
88,15,43,0.153,1
89,1,24,0.165,0
90,1,21,0.258,0
91,4,34,0.443,0
92,7,42,0.261,0
93,4,60,0.277,1
94,2,21,0.761,0
95,6,40,0.255,0
96,2,24,0.13,0
97,1,22,0.323,0
98,6,23,0.356,0
99,1,31,0.325,1
100,1,33,1.222,1
101,1,22,0.179,0
102,0,21,0.262,0
103,1,24,0.283,0
104,2,27,0.93,0
105,1,21,0.801,0
106,1,27,0.207,0
107,4,37,0.287,0
108,3,25,0.336,0
109,0,24,0.247,1
110,3,24,0.199,1
111,8,46,0.543,1
112,1,23,0.192,0
113,4,25,0.391,0
114,7,39,0.588,1
115,4,61,0.539,1
116,5,38,0.22,1
117,5,25,0.654,0
118,4,22,0.443,0
119,4,21,0.223,0
120,0,25,0.759,1
121,6,24,0.26,0
122,2,23,0.404,0
123,5,69,0.186,0
124,0,23,0.278,1
125,1,26,0.496,1
126,3,30,0.452,0
127,1,23,0.261,0
128,1,40,0.403,1
129,0,62,0.741,1
130,4,33,0.361,1
131,9,33,1.114,1
132,3,30,0.356,1
133,8,39,0.457,0
134,2,26,0.647,0
135,2,31,0.088,0
136,0,21,0.597,0
137,0,22,0.532,0
138,0,29,0.703,0
139,5,28,0.159,0
140,3,55,0.268,0
141,5,38,0.286,0
142,2,22,0.318,0
143,10,42,0.272,1
144,4,23,0.237,0
145,0,21,0.572,0
146,9,41,0.096,0
147,2,34,1.4,0
148,5,65,0.218,0
149,2,22,0.085,0
150,1,24,0.399,0
151,4,37,0.432,0
152,9,42,1.189,1
153,1,23,0.687,0
154,8,43,0.137,1
155,7,36,0.337,1
156,2,21,0.637,0
157,1,23,0.833,0
158,2,22,0.229,0
159,17,47,0.817,1
160,4,36,0.294,0
161,7,45,0.204,0
162,0,27,0.167,0
163,2,21,0.368,0
164,0,32,0.743,1
165,6,41,0.722,1
166,3,22,0.256,0
167,4,34,0.709,0
168,4,29,0.471,0
169,3,29,0.495,0
170,6,36,0.18,1
171,6,29,0.542,1
172,2,25,0.773,0
173,1,23,0.678,0
174,2,33,0.37,0
175,8,36,0.719,1
176,6,42,0.382,0
177,0,26,0.319,1
178,5,47,0.19,0
179,5,37,0.956,1
180,6,32,0.084,0
181,0,23,0.725,0
182,1,21,0.299,0
183,5,27,0.268,0
184,4,40,0.244,0
185,7,41,0.745,1
186,8,60,0.615,1
187,1,33,1.321,1
188,8,31,0.64,1
189,5,25,0.361,1
190,3,21,0.142,0
191,9,40,0.374,0
192,7,36,0.383,1
193,11,40,0.578,1
194,8,42,0.136,0
195,5,29,0.395,1
196,1,21,0.187,0
197,3,23,0.678,1
198,4,26,0.905,1
199,4,29,0.15,1
200,0,21,0.874,0
201,1,28,0.236,0
202,0,32,0.787,0
203,2,27,0.235,0
204,6,55,0.324,0
205,5,27,0.407,0
206,8,57,0.605,1
207,5,52,0.151,1
208,1,21,0.289,0
209,7,41,0.355,1
210,2,25,0.29,0
211,0,24,0.375,0
212,7,60,0.164,0
213,0,24,0.431,1
214,9,36,0.26,1
215,12,38,0.742,1
216,5,25,0.514,1
217,6,32,0.464,0
218,5,32,1.224,1
219,5,41,0.261,1
220,0,21,1.072,1
221,2,66,0.805,1
222,7,37,0.209,0
223,7,61,0.687,0
224,1,26,0.666,0
225,1,22,0.101,0
226,0,26,0.198,0
227,3,24,0.652,1
228,4,31,2.329,0
229,0,24,0.089,0
230,4,22,0.645,1
231,6,46,0.238,1
232,1,22,0.583,0
233,4,29,0.394,0
234,3,23,0.293,0
235,4,26,0.479,1
236,7,51,0.586,1
237,0,23,0.686,1
238,9,32,0.831,1
239,0,27,0.582,0
240,1,21,0.192,0
241,4,22,0.446,0
242,3,22,0.402,1
243,6,33,1.318,1
244,2,29,0.329,0
245,9,49,1.213,1
246,10,41,0.258,0
247,0,23,0.427,0
248,9,34,0.282,0
249,1,23,0.143,0
250,9,42,0.38,0
251,2,27,0.284,0
252,2,24,0.249,0
253,0,25,0.238,0
254,12,44,0.926,1
255,1,21,0.543,1
256,3,30,0.557,0
257,2,25,0.092,0
258,1,24,0.655,0
259,11,51,1.353,1
260,3,34,0.299,0
261,3,27,0.761,1
262,4,24,0.612,0
263,3,63,0.2,0
264,4,35,0.226,1
265,5,43,0.997,0
266,0,25,0.933,1
267,2,24,1.101,0
268,0,21,0.078,0
269,2,28,0.24,1
270,10,38,1.136,1
271,2,21,0.128,0
272,3,40,0.254,0
273,1,21,0.422,0
274,13,52,0.251,0
275,2,25,0.677,0
276,7,29,0.296,1
277,0,23,0.454,0
278,5,57,0.744,0
279,2,22,0.881,0
280,0,28,0.334,1
281,10,39,0.28,0
282,7,37,0.262,0
283,7,47,0.165,1
284,2,52,0.259,1
285,7,51,0.647,0
286,5,34,0.619,0
287,1,29,0.808,1
288,4,26,0.34,0
289,5,33,0.263,0
290,0,21,0.434,0
291,0,25,0.757,1
292,2,31,1.224,1
293,1,24,0.613,1
294,0,65,0.254,0
295,6,28,0.692,0
296,2,29,0.337,1
297,0,24,0.52,0
298,14,46,0.412,1
299,8,58,0.84,0
300,0,30,0.839,1
301,2,25,0.422,1
302,5,35,0.156,0
303,5,28,0.209,1
304,3,37,0.207,0
305,2,29,0.215,0
306,10,47,0.326,1
307,0,21,0.143,0
308,0,25,1.391,1
309,2,30,0.875,1
310,6,41,0.313,0
311,0,22,0.605,0
312,2,27,0.433,1
313,3,25,0.626,0
314,7,43,1.127,1
315,2,26,0.315,0
316,3,30,0.284,0
317,3,29,0.345,1
318,3,28,0.15,0
319,6,59,0.129,1
320,4,31,0.527,0
321,3,25,0.197,1
322,0,36,0.254,1
323,13,43,0.731,1
324,2,21,0.148,0
325,1,24,0.123,0
326,1,30,0.692,1
327,10,37,0.2,0
328,2,23,0.127,1
329,6,37,0.122,0
330,8,46,1.476,0
331,2,25,0.166,0
332,1,41,0.282,1
333,12,44,0.137,0
334,1,22,0.26,0
335,0,26,0.259,0
336,0,44,0.932,0
337,5,44,0.343,1
338,9,33,0.893,1
339,7,41,0.331,1
340,1,22,0.472,0
341,1,36,0.673,0
342,1,22,0.389,0
343,5,33,0.29,0
344,8,57,0.485,0
345,8,49,0.349,0
346,1,22,0.654,0
347,3,23,0.187,0
348,3,26,0.279,0
349,5,37,0.346,1
350,4,29,0.237,0
351,4,30,0.252,0
352,3,46,0.243,0
353,1,24,0.58,0
354,3,21,0.559,0
355,9,49,0.302,1
356,1,28,0.962,1
357,13,44,0.569,1
358,12,48,0.378,0
359,1,29,0.875,1
360,5,29,0.583,1
361,5,63,0.207,0
362,5,65,0.305,0
363,4,67,0.52,1
364,4,30,0.385,0
365,5,30,0.499,0
366,6,29,0.368,1
367,0,21,0.252,0
368,3,22,0.306,0
369,1,45,0.234,1
370,3,25,2.137,1
371,0,21,1.731,0
372,0,21,0.545,0
373,2,25,0.225,0
374,2,28,0.816,0
375,12,58,0.528,1
376,0,22,0.299,0
377,1,22,0.509,0
378,4,32,0.238,1
379,0,35,1.021,0
380,1,24,0.821,0
381,0,22,0.236,0
382,1,21,0.947,0
383,1,25,1.268,0
384,1,25,0.221,0
385,1,24,0.205,0
386,5,35,0.66,1
387,8,45,0.239,1
388,5,58,0.452,1
389,3,28,0.949,0
390,1,42,0.444,0
391,5,27,0.34,1
392,1,21,0.389,0
393,4,37,0.463,0
394,4,31,0.803,1
395,2,25,1.6,0
396,3,39,0.944,0
397,0,22,0.196,1
398,3,25,0.389,0
399,3,25,0.241,1
400,4,31,0.161,1
401,6,55,0.151,0
402,5,35,0.286,1
403,9,38,0.28,0
404,5,41,0.135,1
405,2,26,0.52,0
406,4,46,0.376,1
407,0,25,0.336,0
408,8,39,1.191,1
409,1,28,0.702,1
410,6,28,0.674,0
411,1,25,0.528,0
412,1,22,1.076,0
413,1,21,0.256,0
414,0,21,0.534,1
415,3,22,0.258,1
416,1,22,1.095,0
417,4,37,0.554,1
418,1,27,0.624,0
419,3,28,0.219,1
420,1,26,0.507,0
421,2,21,0.561,0
422,0,21,0.496,0
423,2,21,0.421,0
424,8,36,0.516,1
425,4,31,0.264,1
426,0,25,0.256,0
427,1,38,0.328,1
428,0,26,0.284,0
429,1,43,0.233,1
430,2,23,0.108,0
431,3,38,0.551,0
432,1,22,0.527,0
433,2,29,0.167,0
434,1,36,1.138,0
435,0,29,0.205,1
436,12,41,0.244,0
437,5,28,0.434,0
438,1,21,0.147,0
439,6,31,0.727,0
440,0,41,0.435,1
441,2,22,0.497,0
442,4,24,0.23,0
443,8,33,0.955,1
444,4,30,0.38,1
445,0,25,2.42,1
446,1,28,0.658,0
447,0,26,0.33,0
448,0,22,0.51,1
449,0,26,0.285,0
450,1,23,0.415,0
451,2,23,0.542,1
452,0,25,0.381,0
453,2,72,0.832,0
454,2,24,0.498,0
455,14,38,0.212,1
456,1,62,0.687,0
457,5,24,0.364,0
458,10,51,1.001,1
459,9,81,0.46,0
460,9,48,0.733,0
461,1,26,0.416,0
462,8,39,0.705,0
463,5,37,0.258,0
464,10,34,1.022,0
465,0,21,0.452,0
466,0,22,0.269,0
467,0,25,0.6,0
468,8,38,0.183,1
469,6,27,0.571,0
470,1,28,0.607,0
471,0,22,0.17,0
472,0,22,0.259,0
473,7,50,0.21,0
474,4,24,0.126,0
475,0,59,0.231,0
476,2,29,0.711,1
477,7,31,0.466,0
478,8,39,0.162,0
479,4,63,0.419,0
480,3,35,0.344,1
481,0,29,0.197,0
482,4,28,0.306,0
483,0,23,0.233,0
484,0,31,0.63,1
485,0,24,0.365,1
486,1,21,0.536,0
487,0,58,1.159,0
488,4,28,0.294,0
489,8,67,0.551,0
490,2,24,0.629,0
491,2,42,0.292,0
492,4,33,0.145,0
493,4,45,1.144,1
494,3,22,0.174,0
495,6,66,0.304,0
496,5,30,0.292,0
497,2,25,0.547,0
498,7,55,0.163,1
499,6,39,0.839,0
500,2,21,0.313,0
501,3,28,0.267,0
502,6,41,0.727,1
503,7,41,0.738,0
504,3,40,0.238,0
505,10,38,0.263,0
506,0,35,0.314,1
507,1,21,0.692,0
508,2,21,0.968,0
509,8,64,0.409,0
510,12,46,0.297,1
511,0,21,0.207,0
512,9,58,0.2,0
513,2,22,0.525,0
514,3,24,0.154,0
515,3,28,0.268,1
516,9,53,0.771,1
517,7,51,0.304,0
518,13,41,0.18,0
519,6,60,0.582,0
520,2,25,0.187,0
521,3,26,0.305,0
522,6,26,0.189,0
523,9,45,0.652,1
524,3,24,0.151,0
525,3,21,0.444,0
526,1,21,0.299,0
527,3,24,0.107,0
528,0,22,0.493,0
529,0,31,0.66,0
530,2,22,0.717,0
531,0,24,0.686,0
532,1,29,0.917,0
533,6,31,0.501,0
534,1,24,1.251,0
535,4,23,0.302,1
536,0,46,0.197,0
537,0,67,0.735,0
538,0,23,0.804,0
539,3,32,0.968,1
540,8,43,0.661,1
541,3,27,0.549,1
542,10,56,0.825,1
543,4,25,0.159,0
544,1,29,0.365,0
545,8,37,0.423,1
546,5,53,1.034,1
547,4,28,0.16,0
548,1,50,0.341,0
549,4,37,0.68,0
550,1,21,0.204,0
551,3,25,0.591,0
552,6,66,0.247,0
553,1,23,0.422,0
554,1,28,0.471,0
555,7,37,0.161,0
556,1,30,0.218,0
557,8,58,0.237,0
558,11,42,0.126,0
559,11,35,0.3,0
560,6,54,0.121,1
561,0,28,0.502,1
562,1,24,0.401,0
563,6,32,0.497,0
564,0,27,0.601,0
565,2,22,0.748,0
566,1,21,0.412,0
567,6,46,0.085,0
568,4,37,0.338,0
569,0,33,0.203,1
570,3,39,0.27,0
571,2,21,0.268,0
572,3,22,0.43,0
573,2,22,0.198,0
574,1,23,0.892,0
575,1,25,0.28,0
576,6,35,0.813,0
577,2,21,0.693,1
578,10,36,0.245,0
579,2,62,0.575,1
580,0,21,0.371,1
581,6,27,0.206,0
582,12,62,0.259,0
583,8,42,0.19,0
584,8,52,0.687,1
585,1,22,0.417,0
586,8,41,0.129,1
587,6,29,0.249,0
588,3,52,1.154,1
589,0,25,0.342,0
590,11,45,0.925,1
591,2,24,0.175,0
592,3,44,0.402,1
593,2,25,1.699,0
594,6,34,0.733,0
595,0,22,0.682,1
596,0,46,0.194,0
597,1,21,0.559,0
598,1,38,0.088,1
599,1,26,0.407,0
600,1,24,0.4,0
601,6,28,0.19,0
602,1,30,0.1,0
603,7,54,0.692,1
604,4,36,0.212,1
605,1,21,0.514,0
606,1,22,1.258,1
607,1,25,0.482,0
608,0,27,0.27,0
609,1,23,0.138,0
610,3,24,0.292,0
611,3,36,0.593,1
612,7,40,0.787,1
613,6,26,0.878,0
614,11,50,0.557,1
615,3,27,0.207,0
616,6,30,0.157,0
617,2,23,0.257,0
618,9,50,1.282,1
619,0,24,0.141,1
620,2,28,0.246,0
621,2,28,1.698,0
622,6,45,1.461,0
623,0,21,0.347,0
624,2,21,0.158,0
625,4,29,0.362,0
626,0,21,0.206,0
627,0,21,0.393,0
628,5,45,0.144,0
629,4,21,0.148,0
630,7,34,0.732,1
631,0,24,0.238,0
632,2,23,0.343,0
633,1,22,0.115,0
634,10,31,0.167,0
635,13,38,0.465,1
636,5,48,0.153,0
637,2,23,0.649,0
638,7,32,0.871,1
639,1,28,0.149,0
640,0,27,0.695,0
641,4,24,0.303,0
642,6,50,0.178,1
643,4,31,0.61,0
644,3,27,0.73,0
645,2,30,0.134,0
646,1,33,0.447,1
647,0,22,0.455,1
648,11,42,0.26,1
649,0,23,0.133,0
650,1,23,0.234,0
651,1,27,0.466,0
652,5,28,0.269,0
653,2,27,0.455,0
654,1,22,0.142,0
655,2,25,0.24,1
656,2,22,0.155,0
657,1,41,1.162,0
658,11,51,0.19,0
659,3,27,1.292,1
660,10,54,0.182,0
661,1,22,1.394,1
662,8,43,0.165,1
663,9,40,0.637,1
664,6,40,0.245,1
665,1,24,0.217,0
666,4,70,0.235,1
667,10,40,0.141,1
668,6,43,0.43,0
669,9,45,0.164,0
670,6,49,0.631,0
671,1,21,0.551,0
672,10,47,0.285,0
673,3,22,0.88,0
674,8,68,0.587,0
675,6,31,0.328,1
676,9,53,0.23,1
677,0,25,0.263,0
678,3,25,0.127,1
679,2,23,0.614,0
680,2,22,0.332,0
681,0,26,0.364,1
682,0,22,0.366,0
683,4,27,0.536,1
684,5,69,0.64,0
685,2,25,0.591,0
686,3,22,0.314,0
687,1,29,0.181,0
688,1,23,0.828,0
689,1,46,0.335,1
690,8,34,0.856,0
691,13,44,0.257,1
692,2,23,0.886,0
693,7,43,0.439,1
694,2,25,0.191,0
695,7,43,0.128,1
696,3,31,0.268,1
697,0,22,0.253,0
698,4,28,0.598,0
699,4,26,0.904,0
700,2,26,0.483,0
701,6,49,0.565,1
702,1,52,0.905,1
703,2,41,0.304,0
704,4,27,0.118,0
705,6,28,0.177,0
706,10,30,0.261,1
707,2,22,0.176,0
708,9,45,0.148,1
709,2,23,0.674,1
710,3,24,0.295,0
711,5,40,0.439,0
712,10,38,0.441,1
713,0,21,0.352,0
714,3,32,0.121,0
715,7,34,0.826,1
716,3,31,0.97,1
717,10,56,0.595,0
718,1,24,0.415,0
719,5,52,0.378,1
720,4,34,0.317,0
721,1,21,0.289,0
722,1,42,0.349,1
723,5,42,0.251,0
724,1,45,0.265,0
725,4,38,0.236,0
726,1,25,0.496,0
727,0,22,0.433,0
728,2,22,0.326,0
729,2,22,0.141,0
730,3,34,0.323,1
731,8,22,0.259,1
732,2,24,0.646,1
733,2,22,0.426,0
734,2,53,0.56,0
735,4,28,0.284,0
736,0,21,0.515,0
737,8,42,0.6,0
738,2,21,0.453,0
739,1,42,0.293,1
740,11,48,0.785,1
741,3,26,0.4,0
742,1,22,0.219,0
743,9,45,0.734,1
744,13,39,1.174,0
745,12,46,0.488,0
746,1,27,0.358,1
747,1,32,1.096,0
748,3,36,0.408,1
749,6,50,0.178,1
750,4,22,1.182,1
751,1,28,0.261,0
752,3,25,0.223,0
753,0,26,0.222,1
754,8,45,0.443,1
755,1,37,1.057,1
756,7,39,0.391,0
757,0,52,0.258,1
758,1,26,0.197,0
759,6,66,0.278,1
760,2,22,0.766,0
761,9,43,0.403,1
762,9,33,0.142,0
763,10,63,0.171,0
764,2,27,0.34,0
765,5,30,0.245,0
766,1,47,0.349,1
767,1,23,0.315,0
